Jednadžbe/evaluacija za F1..F6 pri startnim q_guess:
F1 = 0.12238722079213481
F2 = 0.3531827056094702
F3 = 0.717318361256222
F4 = 0.8085119376862704
F5 = 0.3319688806992342
F6 = 1.4859064816053495
