Numeričko rješenje zglobova q1..q6:
q1 = 0.29999999977267033
q2 = 2.411437769078513
q3 = -3.2467394118011597
q4 = 3.1415926536800245
q5 = -0.8353016426254527
q6 = -243.90665697795785
